dye_code,name,created_by
DYE-TEST-0001,dTest,DK
